% Set number of states and transition rate constants
m = 8;

% FAST
kf12 = 1.2;
kf21 = 2.1;
kf23 = 2.3;
kf32 = 3.2;

kf45 = 4.5;
kf54 = 5.4;

kf67 = 6.7;
kf76 = 7.6;

% Slow
ks34 = 3.4;
ks43 = 4.3;

ks56 = 5.6;
ks65 = 6.5;

ks78 = 1.9;
ks87 = 3.7;